0 0 0 0 0
0 0 0 0 13
0 0 0 0 14
0 0 0 0 15
0 0 0 0 16
0 0 0 10 0
0 0 0 10 13
0 0 0 10 14
0 0 0 10 15
0 0 0 10 16
0 0 0 11 0
0 0 0 11 13
0 0 0 11 14
0 0 0 11 15
0 0 0 11 16
0 0 0 12 0
0 0 0 12 13
0 0 0 12 14
0 0 0 12 15
0 0 0 12 16
0 0 7 0 0
0 0 7 0 13
0 0 7 0 14
0 0 7 0 15
0 0 7 0 16
0 0 7 10 0
0 0 7 10 13
0 0 7 10 14
0 0 7 10 15
0 0 7 10 16
0 0 7 11 0
0 0 7 11 13
0 0 7 11 14
0 0 7 11 15
0 0 7 11 16
0 0 7 12 0
0 0 7 12 13
0 0 7 12 14
0 0 7 12 15
0 0 7 12 16
0 0 8 0 0
0 0 8 0 13
0 0 8 0 14
0 0 8 0 15
0 0 8 0 16
0 0 8 10 0
0 0 8 10 13
0 0 8 10 14
0 0 8 10 15
0 0 8 10 16
0 0 8 11 0
0 0 8 11 13
0 0 8 11 14
0 0 8 11 15
0 0 8 11 16
0 0 8 12 0
0 0 8 12 13
0 0 8 12 14
0 0 8 12 15
0 0 8 12 16
0 0 9 0 0
0 0 9 0 13
0 0 9 0 14
0 0 9 0 15
0 0 9 0 16
0 0 9 10 0
0 0 9 10 13
0 0 9 10 14
0 0 9 10 15
0 0 9 10 16
0 0 9 11 0
0 0 9 11 13
0 0 9 11 14
0 0 9 11 15
0 0 9 11 16
0 0 9 12 0
0 0 9 12 13
0 0 9 12 14
0 0 9 12 15
0 0 9 12 16
0 4 0 0 0
0 4 0 0 13
0 4 0 0 14
0 4 0 0 15
0 4 0 0 16
0 4 0 10 0
0 4 0 10 13
0 4 0 10 14
0 4 0 10 15
0 4 0 10 16
0 4 0 11 0
0 4 0 11 13
0 4 0 11 14
0 4 0 11 15
0 4 0 11 16
0 4 0 12 0
0 4 0 12 13
0 4 0 12 14
0 4 0 12 15
0 4 0 12 16
0 4 7 0 0
0 4 7 0 13
0 4 7 0 14
0 4 7 0 15
0 4 7 0 16
0 4 7 10 0
0 4 7 10 13
0 4 7 10 14
0 4 7 10 15
0 4 7 10 16
0 4 7 11 0
0 4 7 11 13
0 4 7 11 14
0 4 7 11 15
0 4 7 11 16
0 4 7 12 0
0 4 7 12 13
0 4 7 12 14
0 4 7 12 15
0 4 7 12 16
0 4 8 0 0
0 4 8 0 13
0 4 8 0 14
0 4 8 0 15
0 4 8 0 16
0 4 8 10 0
0 4 8 10 13
0 4 8 10 14
0 4 8 10 15
0 4 8 10 16
0 4 8 11 0
0 4 8 11 13
0 4 8 11 14
0 4 8 11 15
0 4 8 11 16
0 4 8 12 0
0 4 8 12 13
0 4 8 12 14
0 4 8 12 15
0 4 8 12 16
0 4 9 0 0
0 4 9 0 13
0 4 9 0 14
0 4 9 0 15
0 4 9 0 16
0 4 9 10 0
0 4 9 10 13
0 4 9 10 14
0 4 9 10 15
0 4 9 10 16
0 4 9 11 0
0 4 9 11 13
0 4 9 11 14
0 4 9 11 15
0 4 9 11 16
0 4 9 12 0
0 4 9 12 13
0 4 9 12 14
0 4 9 12 15
0 4 9 12 16
0 5 0 0 0
0 5 0 0 13
0 5 0 0 14
0 5 0 0 15
0 5 0 0 16
0 5 0 10 0
0 5 0 10 13
0 5 0 10 14
0 5 0 10 15
0 5 0 10 16
0 5 0 11 0
0 5 0 11 13
0 5 0 11 14
0 5 0 11 15
0 5 0 11 16
0 5 0 12 0
0 5 0 12 13
0 5 0 12 14
0 5 0 12 15
0 5 0 12 16
0 5 7 0 0
0 5 7 0 13
0 5 7 0 14
0 5 7 0 15
0 5 7 0 16
0 5 7 10 0
0 5 7 10 13
0 5 7 10 14
0 5 7 10 15
0 5 7 10 16
0 5 7 11 0
0 5 7 11 13
0 5 7 11 14
0 5 7 11 15
0 5 7 11 16
0 5 7 12 0
0 5 7 12 13
0 5 7 12 14
0 5 7 12 15
0 5 7 12 16
0 5 8 0 0
0 5 8 0 13
0 5 8 0 14
0 5 8 0 15
0 5 8 0 16
0 5 8 10 0
0 5 8 10 13
0 5 8 10 14
0 5 8 10 15
0 5 8 10 16
0 5 8 11 0
0 5 8 11 13
0 5 8 11 14
0 5 8 11 15
0 5 8 11 16
0 5 8 12 0
0 5 8 12 13
0 5 8 12 14
0 5 8 12 15
0 5 8 12 16
0 5 9 0 0
0 5 9 0 13
0 5 9 0 14
0 5 9 0 15
0 5 9 0 16
0 5 9 10 0
0 5 9 10 13
0 5 9 10 14
0 5 9 10 15
0 5 9 10 16
0 5 9 11 0
0 5 9 11 13
0 5 9 11 14
0 5 9 11 15
0 5 9 11 16
0 5 9 12 0
0 5 9 12 13
0 5 9 12 14
0 5 9 12 15
0 5 9 12 16
0 6 0 0 0
0 6 0 0 13
0 6 0 0 14
0 6 0 0 15
0 6 0 0 16
0 6 0 10 0
0 6 0 10 13
0 6 0 10 14
0 6 0 10 15
0 6 0 10 16
0 6 0 11 0
0 6 0 11 13
0 6 0 11 14
0 6 0 11 15
0 6 0 11 16
0 6 0 12 0
0 6 0 12 13
0 6 0 12 14
0 6 0 12 15
0 6 0 12 16
0 6 7 0 0
0 6 7 0 13
0 6 7 0 14
0 6 7 0 15
0 6 7 0 16
0 6 7 10 0
0 6 7 10 13
0 6 7 10 14
0 6 7 10 15
0 6 7 10 16
0 6 7 11 0
0 6 7 11 13
0 6 7 11 14
0 6 7 11 15
0 6 7 11 16
0 6 7 12 0
0 6 7 12 13
0 6 7 12 14
0 6 7 12 15
0 6 7 12 16
0 6 8 0 0
0 6 8 0 13
0 6 8 0 14
0 6 8 0 15
0 6 8 0 16
0 6 8 10 0
0 6 8 10 13
0 6 8 10 14
0 6 8 10 15
0 6 8 10 16
0 6 8 11 0
0 6 8 11 13
0 6 8 11 14
0 6 8 11 15
0 6 8 11 16
0 6 8 12 0
0 6 8 12 13
0 6 8 12 14
0 6 8 12 15
0 6 8 12 16
0 6 9 0 0
0 6 9 0 13
0 6 9 0 14
0 6 9 0 15
0 6 9 0 16
0 6 9 10 0
0 6 9 10 13
0 6 9 10 14
0 6 9 10 15
0 6 9 10 16
0 6 9 11 0
0 6 9 11 13
0 6 9 11 14
0 6 9 11 15
0 6 9 11 16
0 6 9 12 0
0 6 9 12 13
0 6 9 12 14
0 6 9 12 15
0 6 9 12 16
0 5 6 0 0 0
0 5 6 0 0 13
0 5 6 0 0 14
0 5 6 0 0 15
0 5 6 0 0 16
0 5 6 0 10 0
0 5 6 0 10 13
0 5 6 0 10 14
0 5 6 0 10 15
0 5 6 0 10 16
0 5 6 0 11 0
0 5 6 0 11 13
0 5 6 0 11 14
0 5 6 0 11 15
0 5 6 0 11 16
0 5 6 0 12 0
0 5 6 0 12 13
0 5 6 0 12 14
0 5 6 0 12 15
0 5 6 0 12 16
0 5 6 7 0 0
0 5 6 7 0 13
0 5 6 7 0 14
0 5 6 7 0 15
0 5 6 7 0 16
0 5 6 7 10 0
0 5 6 7 10 13
0 5 6 7 10 14
0 5 6 7 10 15
0 5 6 7 10 16
0 5 6 7 11 0
0 5 6 7 11 13
0 5 6 7 11 14
0 5 6 7 11 15
0 5 6 7 11 16
0 5 6 7 12 0
0 5 6 7 12 13
0 5 6 7 12 14
0 5 6 7 12 15
0 5 6 7 12 16
0 5 6 8 0 0
0 5 6 8 0 13
0 5 6 8 0 14
0 5 6 8 0 15
0 5 6 8 0 16
0 5 6 8 10 0
0 5 6 8 10 13
0 5 6 8 10 14
0 5 6 8 10 15
0 5 6 8 10 16
0 5 6 8 11 0
0 5 6 8 11 13
0 5 6 8 11 14
0 5 6 8 11 15
0 5 6 8 11 16
0 5 6 8 12 0
0 5 6 8 12 13
0 5 6 8 12 14
0 5 6 8 12 15
0 5 6 8 12 16
0 5 6 9 0 0
0 5 6 9 0 13
0 5 6 9 0 14
0 5 6 9 0 15
0 5 6 9 0 16
0 5 6 9 10 0
0 5 6 9 10 13
0 5 6 9 10 14
0 5 6 9 10 15
0 5 6 9 10 16
0 5 6 9 11 0
0 5 6 9 11 13
0 5 6 9 11 14
0 5 6 9 11 15
0 5 6 9 11 16
0 5 6 9 12 0
0 5 6 9 12 13
0 5 6 9 12 14
0 5 6 9 12 15
0 5 6 9 12 16
1 0 0 0 0
1 0 0 0 13
1 0 0 0 14
1 0 0 0 15
1 0 0 0 16
1 0 0 10 0
1 0 0 10 13
1 0 0 10 14
1 0 0 10 15
1 0 0 10 16
1 0 0 11 0
1 0 0 11 13
1 0 0 11 14
1 0 0 11 15
1 0 0 11 16
1 0 0 12 0
1 0 0 12 13
1 0 0 12 14
1 0 0 12 15
1 0 0 12 16
1 0 7 0 0
1 0 7 0 13
1 0 7 0 14
1 0 7 0 15
1 0 7 0 16
1 0 7 10 0
1 0 7 10 13
1 0 7 10 14
1 0 7 10 15
1 0 7 10 16
1 0 7 11 0
1 0 7 11 13
1 0 7 11 14
1 0 7 11 15
1 0 7 11 16
1 0 7 12 0
1 0 7 12 13
1 0 7 12 14
1 0 7 12 15
1 0 7 12 16
1 0 8 0 0
1 0 8 0 13
1 0 8 0 14
1 0 8 0 15
1 0 8 0 16
1 0 8 10 0
1 0 8 10 13
1 0 8 10 14
1 0 8 10 15
1 0 8 10 16
1 0 8 11 0
1 0 8 11 13
1 0 8 11 14
1 0 8 11 15
1 0 8 11 16
1 0 8 12 0
1 0 8 12 13
1 0 8 12 14
1 0 8 12 15
1 0 8 12 16
1 0 9 0 0
1 0 9 0 13
1 0 9 0 14
1 0 9 0 15
1 0 9 0 16
1 0 9 10 0
1 0 9 10 13
1 0 9 10 14
1 0 9 10 15
1 0 9 10 16
1 0 9 11 0
1 0 9 11 13
1 0 9 11 14
1 0 9 11 15
1 0 9 11 16
1 0 9 12 0
1 0 9 12 13
1 0 9 12 14
1 0 9 12 15
1 0 9 12 16
1 4 0 0 0
1 4 0 0 13
1 4 0 0 14
1 4 0 0 15
1 4 0 0 16
1 4 0 10 0
1 4 0 10 13
1 4 0 10 14
1 4 0 10 15
1 4 0 10 16
1 4 0 11 0
1 4 0 11 13
1 4 0 11 14
1 4 0 11 15
1 4 0 11 16
1 4 0 12 0
1 4 0 12 13
1 4 0 12 14
1 4 0 12 15
1 4 0 12 16
1 4 7 0 0
1 4 7 0 13
1 4 7 0 14
1 4 7 0 15
1 4 7 0 16
1 4 7 10 0
1 4 7 10 13
1 4 7 10 14
1 4 7 10 15
1 4 7 10 16
1 4 7 11 0
1 4 7 11 13
1 4 7 11 14
1 4 7 11 15
1 4 7 11 16
1 4 7 12 0
1 4 7 12 13
1 4 7 12 14
1 4 7 12 15
1 4 7 12 16
1 4 8 0 0
1 4 8 0 13
1 4 8 0 14
1 4 8 0 15
1 4 8 0 16
1 4 8 10 0
1 4 8 10 13
1 4 8 10 14
1 4 8 10 15
1 4 8 10 16
1 4 8 11 0
1 4 8 11 13
1 4 8 11 14
1 4 8 11 15
1 4 8 11 16
1 4 8 12 0
1 4 8 12 13
1 4 8 12 14
1 4 8 12 15
1 4 8 12 16
1 4 9 0 0
1 4 9 0 13
1 4 9 0 14
1 4 9 0 15
1 4 9 0 16
1 4 9 10 0
1 4 9 10 13
1 4 9 10 14
1 4 9 10 15
1 4 9 10 16
1 4 9 11 0
1 4 9 11 13
1 4 9 11 14
1 4 9 11 15
1 4 9 11 16
1 4 9 12 0
1 4 9 12 13
1 4 9 12 14
1 4 9 12 15
1 4 9 12 16
1 5 0 0 0
1 5 0 0 13
1 5 0 0 14
1 5 0 0 15
1 5 0 0 16
1 5 0 10 0
1 5 0 10 13
1 5 0 10 14
1 5 0 10 15
1 5 0 10 16
1 5 0 11 0
1 5 0 11 13
1 5 0 11 14
1 5 0 11 15
1 5 0 11 16
1 5 0 12 0
1 5 0 12 13
1 5 0 12 14
1 5 0 12 15
1 5 0 12 16
1 5 7 0 0
1 5 7 0 13
1 5 7 0 14
1 5 7 0 15
1 5 7 0 16
1 5 7 10 0
1 5 7 10 13
1 5 7 10 14
1 5 7 10 15
1 5 7 10 16
1 5 7 11 0
1 5 7 11 13
1 5 7 11 14
1 5 7 11 15
1 5 7 11 16
1 5 7 12 0
1 5 7 12 13
1 5 7 12 14
1 5 7 12 15
1 5 7 12 16
1 5 8 0 0
1 5 8 0 13
1 5 8 0 14
1 5 8 0 15
1 5 8 0 16
1 5 8 10 0
1 5 8 10 13
1 5 8 10 14
1 5 8 10 15
1 5 8 10 16
1 5 8 11 0
1 5 8 11 13
1 5 8 11 14
1 5 8 11 15
1 5 8 11 16
1 5 8 12 0
1 5 8 12 13
1 5 8 12 14
1 5 8 12 15
1 5 8 12 16
1 5 9 0 0
1 5 9 0 13
1 5 9 0 14
1 5 9 0 15
1 5 9 0 16
1 5 9 10 0
1 5 9 10 13
1 5 9 10 14
1 5 9 10 15
1 5 9 10 16
1 5 9 11 0
1 5 9 11 13
1 5 9 11 14
1 5 9 11 15
1 5 9 11 16
1 5 9 12 0
1 5 9 12 13
1 5 9 12 14
1 5 9 12 15
1 5 9 12 16
1 6 0 0 0
1 6 0 0 13
1 6 0 0 14
1 6 0 0 15
1 6 0 0 16
1 6 0 10 0
1 6 0 10 13
1 6 0 10 14
1 6 0 10 15
1 6 0 10 16
1 6 0 11 0
1 6 0 11 13
1 6 0 11 14
1 6 0 11 15
1 6 0 11 16
1 6 0 12 0
1 6 0 12 13
1 6 0 12 14
1 6 0 12 15
1 6 0 12 16
1 6 7 0 0
1 6 7 0 13
1 6 7 0 14
1 6 7 0 15
1 6 7 0 16
1 6 7 10 0
1 6 7 10 13
1 6 7 10 14
1 6 7 10 15
1 6 7 10 16
1 6 7 11 0
1 6 7 11 13
1 6 7 11 14
1 6 7 11 15
1 6 7 11 16
1 6 7 12 0
1 6 7 12 13
1 6 7 12 14
1 6 7 12 15
1 6 7 12 16
1 6 8 0 0
1 6 8 0 13
1 6 8 0 14
1 6 8 0 15
1 6 8 0 16
1 6 8 10 0
1 6 8 10 13
1 6 8 10 14
1 6 8 10 15
1 6 8 10 16
1 6 8 11 0
1 6 8 11 13
1 6 8 11 14
1 6 8 11 15
1 6 8 11 16
1 6 8 12 0
1 6 8 12 13
1 6 8 12 14
1 6 8 12 15
1 6 8 12 16
1 6 9 0 0
1 6 9 0 13
1 6 9 0 14
1 6 9 0 15
1 6 9 0 16
1 6 9 10 0
1 6 9 10 13
1 6 9 10 14
1 6 9 10 15
1 6 9 10 16
1 6 9 11 0
1 6 9 11 13
1 6 9 11 14
1 6 9 11 15
1 6 9 11 16
1 6 9 12 0
1 6 9 12 13
1 6 9 12 14
1 6 9 12 15
1 6 9 12 16
1 5 6 0 0 0
1 5 6 0 0 13
1 5 6 0 0 14
1 5 6 0 0 15
1 5 6 0 0 16
1 5 6 0 10 0
1 5 6 0 10 13
1 5 6 0 10 14
1 5 6 0 10 15
1 5 6 0 10 16
1 5 6 0 11 0
1 5 6 0 11 13
1 5 6 0 11 14
1 5 6 0 11 15
1 5 6 0 11 16
1 5 6 0 12 0
1 5 6 0 12 13
1 5 6 0 12 14
1 5 6 0 12 15
1 5 6 0 12 16
1 5 6 7 0 0
1 5 6 7 0 13
1 5 6 7 0 14
1 5 6 7 0 15
1 5 6 7 0 16
1 5 6 7 10 0
1 5 6 7 10 13
1 5 6 7 10 14
1 5 6 7 10 15
1 5 6 7 10 16
1 5 6 7 11 0
1 5 6 7 11 13
1 5 6 7 11 14
1 5 6 7 11 15
1 5 6 7 11 16
1 5 6 7 12 0
1 5 6 7 12 13
1 5 6 7 12 14
1 5 6 7 12 15
1 5 6 7 12 16
1 5 6 8 0 0
1 5 6 8 0 13
1 5 6 8 0 14
1 5 6 8 0 15
1 5 6 8 0 16
1 5 6 8 10 0
1 5 6 8 10 13
1 5 6 8 10 14
1 5 6 8 10 15
1 5 6 8 10 16
1 5 6 8 11 0
1 5 6 8 11 13
1 5 6 8 11 14
1 5 6 8 11 15
1 5 6 8 11 16
1 5 6 8 12 0
1 5 6 8 12 13
1 5 6 8 12 14
1 5 6 8 12 15
1 5 6 8 12 16
1 5 6 9 0 0
1 5 6 9 0 13
1 5 6 9 0 14
1 5 6 9 0 15
1 5 6 9 0 16
1 5 6 9 10 0
1 5 6 9 10 13
1 5 6 9 10 14
1 5 6 9 10 15
1 5 6 9 10 16
1 5 6 9 11 0
1 5 6 9 11 13
1 5 6 9 11 14
1 5 6 9 11 15
1 5 6 9 11 16
1 5 6 9 12 0
1 5 6 9 12 13
1 5 6 9 12 14
1 5 6 9 12 15
1 5 6 9 12 16
2 0 0 0 0
2 0 0 0 13
2 0 0 0 14
2 0 0 0 15
2 0 0 0 16
2 0 0 10 0
2 0 0 10 13
2 0 0 10 14
2 0 0 10 15
2 0 0 10 16
2 0 0 11 0
2 0 0 11 13
2 0 0 11 14
2 0 0 11 15
2 0 0 11 16
2 0 0 12 0
2 0 0 12 13
2 0 0 12 14
2 0 0 12 15
2 0 0 12 16
2 0 7 0 0
2 0 7 0 13
2 0 7 0 14
2 0 7 0 15
2 0 7 0 16
2 0 7 10 0
2 0 7 10 13
2 0 7 10 14
2 0 7 10 15
2 0 7 10 16
2 0 7 11 0
2 0 7 11 13
2 0 7 11 14
2 0 7 11 15
2 0 7 11 16
2 0 7 12 0
2 0 7 12 13
2 0 7 12 14
2 0 7 12 15
2 0 7 12 16
2 0 8 0 0
2 0 8 0 13
2 0 8 0 14
2 0 8 0 15
2 0 8 0 16
2 0 8 10 0
2 0 8 10 13
2 0 8 10 14
2 0 8 10 15
2 0 8 10 16
2 0 8 11 0
2 0 8 11 13
2 0 8 11 14
2 0 8 11 15
2 0 8 11 16
2 0 8 12 0
2 0 8 12 13
2 0 8 12 14
2 0 8 12 15
2 0 8 12 16
2 0 9 0 0
2 0 9 0 13
2 0 9 0 14
2 0 9 0 15
2 0 9 0 16
2 0 9 10 0
2 0 9 10 13
2 0 9 10 14
2 0 9 10 15
2 0 9 10 16
2 0 9 11 0
2 0 9 11 13
2 0 9 11 14
2 0 9 11 15
2 0 9 11 16
2 0 9 12 0
2 0 9 12 13
2 0 9 12 14
2 0 9 12 15
2 0 9 12 16
2 4 0 0 0
2 4 0 0 13
2 4 0 0 14
2 4 0 0 15
2 4 0 0 16
2 4 0 10 0
2 4 0 10 13
2 4 0 10 14
2 4 0 10 15
2 4 0 10 16
2 4 0 11 0
2 4 0 11 13
2 4 0 11 14
2 4 0 11 15
2 4 0 11 16
2 4 0 12 0
2 4 0 12 13
2 4 0 12 14
2 4 0 12 15
2 4 0 12 16
2 4 7 0 0
2 4 7 0 13
2 4 7 0 14
2 4 7 0 15
2 4 7 0 16
2 4 7 10 0
2 4 7 10 13
2 4 7 10 14
2 4 7 10 15
2 4 7 10 16
2 4 7 11 0
2 4 7 11 13
2 4 7 11 14
2 4 7 11 15
2 4 7 11 16
2 4 7 12 0
2 4 7 12 13
2 4 7 12 14
2 4 7 12 15
2 4 7 12 16
2 4 8 0 0
2 4 8 0 13
2 4 8 0 14
2 4 8 0 15
2 4 8 0 16
2 4 8 10 0
2 4 8 10 13
2 4 8 10 14
2 4 8 10 15
2 4 8 10 16
2 4 8 11 0
2 4 8 11 13
2 4 8 11 14
2 4 8 11 15
2 4 8 11 16
2 4 8 12 0
2 4 8 12 13
2 4 8 12 14
2 4 8 12 15
2 4 8 12 16
2 4 9 0 0
2 4 9 0 13
2 4 9 0 14
2 4 9 0 15
2 4 9 0 16
2 4 9 10 0
2 4 9 10 13
2 4 9 10 14
2 4 9 10 15
2 4 9 10 16
2 4 9 11 0
2 4 9 11 13
2 4 9 11 14
2 4 9 11 15
2 4 9 11 16
2 4 9 12 0
2 4 9 12 13
2 4 9 12 14
2 4 9 12 15
2 4 9 12 16
2 5 0 0 0
2 5 0 0 13
2 5 0 0 14
2 5 0 0 15
2 5 0 0 16
2 5 0 10 0
2 5 0 10 13
2 5 0 10 14
2 5 0 10 15
2 5 0 10 16
2 5 0 11 0
2 5 0 11 13
2 5 0 11 14
2 5 0 11 15
2 5 0 11 16
2 5 0 12 0
2 5 0 12 13
2 5 0 12 14
2 5 0 12 15
2 5 0 12 16
2 5 7 0 0
2 5 7 0 13
2 5 7 0 14
2 5 7 0 15
2 5 7 0 16
2 5 7 10 0
2 5 7 10 13
2 5 7 10 14
2 5 7 10 15
2 5 7 10 16
2 5 7 11 0
2 5 7 11 13
2 5 7 11 14
2 5 7 11 15
2 5 7 11 16
2 5 7 12 0
2 5 7 12 13
2 5 7 12 14
2 5 7 12 15
2 5 7 12 16
2 5 8 0 0
2 5 8 0 13
2 5 8 0 14
2 5 8 0 15
2 5 8 0 16
2 5 8 10 0
2 5 8 10 13
2 5 8 10 14
2 5 8 10 15
2 5 8 10 16
2 5 8 11 0
2 5 8 11 13
2 5 8 11 14
2 5 8 11 15
2 5 8 11 16
2 5 8 12 0
2 5 8 12 13
2 5 8 12 14
2 5 8 12 15
2 5 8 12 16
2 5 9 0 0
2 5 9 0 13
2 5 9 0 14
2 5 9 0 15
2 5 9 0 16
2 5 9 10 0
2 5 9 10 13
2 5 9 10 14
2 5 9 10 15
2 5 9 10 16
2 5 9 11 0
2 5 9 11 13
2 5 9 11 14
2 5 9 11 15
2 5 9 11 16
2 5 9 12 0
2 5 9 12 13
2 5 9 12 14
2 5 9 12 15
2 5 9 12 16
2 6 0 0 0
2 6 0 0 13
2 6 0 0 14
2 6 0 0 15
2 6 0 0 16
2 6 0 10 0
2 6 0 10 13
2 6 0 10 14
2 6 0 10 15
2 6 0 10 16
2 6 0 11 0
2 6 0 11 13
2 6 0 11 14
2 6 0 11 15
2 6 0 11 16
2 6 0 12 0
2 6 0 12 13
2 6 0 12 14
2 6 0 12 15
2 6 0 12 16
2 6 7 0 0
2 6 7 0 13
2 6 7 0 14
2 6 7 0 15
2 6 7 0 16
2 6 7 10 0
2 6 7 10 13
2 6 7 10 14
2 6 7 10 15
2 6 7 10 16
2 6 7 11 0
2 6 7 11 13
2 6 7 11 14
2 6 7 11 15
2 6 7 11 16
2 6 7 12 0
2 6 7 12 13
2 6 7 12 14
2 6 7 12 15
2 6 7 12 16
2 6 8 0 0
2 6 8 0 13
2 6 8 0 14
2 6 8 0 15
2 6 8 0 16
2 6 8 10 0
2 6 8 10 13
2 6 8 10 14
2 6 8 10 15
2 6 8 10 16
2 6 8 11 0
2 6 8 11 13
2 6 8 11 14
2 6 8 11 15
2 6 8 11 16
2 6 8 12 0
2 6 8 12 13
2 6 8 12 14
2 6 8 12 15
2 6 8 12 16
2 6 9 0 0
2 6 9 0 13
2 6 9 0 14
2 6 9 0 15
2 6 9 0 16
2 6 9 10 0
2 6 9 10 13
2 6 9 10 14
2 6 9 10 15
2 6 9 10 16
2 6 9 11 0
2 6 9 11 13
2 6 9 11 14
2 6 9 11 15
2 6 9 11 16
2 6 9 12 0
2 6 9 12 13
2 6 9 12 14
2 6 9 12 15
2 6 9 12 16
2 5 6 0 0 0
2 5 6 0 0 13
2 5 6 0 0 14
2 5 6 0 0 15
2 5 6 0 0 16
2 5 6 0 10 0
2 5 6 0 10 13
2 5 6 0 10 14
2 5 6 0 10 15
2 5 6 0 10 16
2 5 6 0 11 0
2 5 6 0 11 13
2 5 6 0 11 14
2 5 6 0 11 15
2 5 6 0 11 16
2 5 6 0 12 0
2 5 6 0 12 13
2 5 6 0 12 14
2 5 6 0 12 15
2 5 6 0 12 16
2 5 6 7 0 0
2 5 6 7 0 13
2 5 6 7 0 14
2 5 6 7 0 15
2 5 6 7 0 16
2 5 6 7 10 0
2 5 6 7 10 13
2 5 6 7 10 14
2 5 6 7 10 15
2 5 6 7 10 16
2 5 6 7 11 0
2 5 6 7 11 13
2 5 6 7 11 14
2 5 6 7 11 15
2 5 6 7 11 16
2 5 6 7 12 0
2 5 6 7 12 13
2 5 6 7 12 14
2 5 6 7 12 15
2 5 6 7 12 16
2 5 6 8 0 0
2 5 6 8 0 13
2 5 6 8 0 14
2 5 6 8 0 15
2 5 6 8 0 16
2 5 6 8 10 0
2 5 6 8 10 13
2 5 6 8 10 14
2 5 6 8 10 15
2 5 6 8 10 16
2 5 6 8 11 0
2 5 6 8 11 13
2 5 6 8 11 14
2 5 6 8 11 15
2 5 6 8 11 16
2 5 6 8 12 0
2 5 6 8 12 13
2 5 6 8 12 14
2 5 6 8 12 15
2 5 6 8 12 16
2 5 6 9 0 0
2 5 6 9 0 13
2 5 6 9 0 14
2 5 6 9 0 15
2 5 6 9 0 16
2 5 6 9 10 0
2 5 6 9 10 13
2 5 6 9 10 14
2 5 6 9 10 15
2 5 6 9 10 16
2 5 6 9 11 0
2 5 6 9 11 13
2 5 6 9 11 14
2 5 6 9 11 15
2 5 6 9 11 16
2 5 6 9 12 0
2 5 6 9 12 13
2 5 6 9 12 14
2 5 6 9 12 15
2 5 6 9 12 16
3 0 0 0 0
3 0 0 0 13
3 0 0 0 14
3 0 0 0 15
3 0 0 0 16
3 0 0 10 0
3 0 0 10 13
3 0 0 10 14
3 0 0 10 15
3 0 0 10 16
3 0 0 11 0
3 0 0 11 13
3 0 0 11 14
3 0 0 11 15
3 0 0 11 16
3 0 0 12 0
3 0 0 12 13
3 0 0 12 14
3 0 0 12 15
3 0 0 12 16
3 0 7 0 0
3 0 7 0 13
3 0 7 0 14
3 0 7 0 15
3 0 7 0 16
3 0 7 10 0
3 0 7 10 13
3 0 7 10 14
3 0 7 10 15
3 0 7 10 16
3 0 7 11 0
3 0 7 11 13
3 0 7 11 14
3 0 7 11 15
3 0 7 11 16
3 0 7 12 0
3 0 7 12 13
3 0 7 12 14
3 0 7 12 15
3 0 7 12 16
3 0 8 0 0
3 0 8 0 13
3 0 8 0 14
3 0 8 0 15
3 0 8 0 16
3 0 8 10 0
3 0 8 10 13
3 0 8 10 14
3 0 8 10 15
3 0 8 10 16
3 0 8 11 0
3 0 8 11 13
3 0 8 11 14
3 0 8 11 15
3 0 8 11 16
3 0 8 12 0
3 0 8 12 13
3 0 8 12 14
3 0 8 12 15
3 0 8 12 16
3 0 9 0 0
3 0 9 0 13
3 0 9 0 14
3 0 9 0 15
3 0 9 0 16
3 0 9 10 0
3 0 9 10 13
3 0 9 10 14
3 0 9 10 15
3 0 9 10 16
3 0 9 11 0
3 0 9 11 13
3 0 9 11 14
3 0 9 11 15
3 0 9 11 16
3 0 9 12 0
3 0 9 12 13
3 0 9 12 14
3 0 9 12 15
3 0 9 12 16
3 4 0 0 0
3 4 0 0 13
3 4 0 0 14
3 4 0 0 15
3 4 0 0 16
3 4 0 10 0
3 4 0 10 13
3 4 0 10 14
3 4 0 10 15
3 4 0 10 16
3 4 0 11 0
3 4 0 11 13
3 4 0 11 14
3 4 0 11 15
3 4 0 11 16
3 4 0 12 0
3 4 0 12 13
3 4 0 12 14
3 4 0 12 15
3 4 0 12 16
3 4 7 0 0
3 4 7 0 13
3 4 7 0 14
3 4 7 0 15
3 4 7 0 16
3 4 7 10 0
3 4 7 10 13
3 4 7 10 14
3 4 7 10 15
3 4 7 10 16
3 4 7 11 0
3 4 7 11 13
3 4 7 11 14
3 4 7 11 15
3 4 7 11 16
3 4 7 12 0
3 4 7 12 13
3 4 7 12 14
3 4 7 12 15
3 4 7 12 16
3 4 8 0 0
3 4 8 0 13
3 4 8 0 14
3 4 8 0 15
3 4 8 0 16
3 4 8 10 0
3 4 8 10 13
3 4 8 10 14
3 4 8 10 15
3 4 8 10 16
3 4 8 11 0
3 4 8 11 13
3 4 8 11 14
3 4 8 11 15
3 4 8 11 16
3 4 8 12 0
3 4 8 12 13
3 4 8 12 14
3 4 8 12 15
3 4 8 12 16
3 4 9 0 0
3 4 9 0 13
3 4 9 0 14
3 4 9 0 15
3 4 9 0 16
3 4 9 10 0
3 4 9 10 13
3 4 9 10 14
3 4 9 10 15
3 4 9 10 16
3 4 9 11 0
3 4 9 11 13
3 4 9 11 14
3 4 9 11 15
3 4 9 11 16
3 4 9 12 0
3 4 9 12 13
3 4 9 12 14
3 4 9 12 15
3 4 9 12 16
3 5 0 0 0
3 5 0 0 13
3 5 0 0 14
3 5 0 0 15
3 5 0 0 16
3 5 0 10 0
3 5 0 10 13
3 5 0 10 14
3 5 0 10 15
3 5 0 10 16
3 5 0 11 0
3 5 0 11 13
3 5 0 11 14
3 5 0 11 15
3 5 0 11 16
3 5 0 12 0
3 5 0 12 13
3 5 0 12 14
3 5 0 12 15
3 5 0 12 16
3 5 7 0 0
3 5 7 0 13
3 5 7 0 14
3 5 7 0 15
3 5 7 0 16
3 5 7 10 0
3 5 7 10 13
3 5 7 10 14
3 5 7 10 15
3 5 7 10 16
3 5 7 11 0
3 5 7 11 13
3 5 7 11 14
3 5 7 11 15
3 5 7 11 16
3 5 7 12 0
3 5 7 12 13
3 5 7 12 14
3 5 7 12 15
3 5 7 12 16
3 5 8 0 0
3 5 8 0 13
3 5 8 0 14
3 5 8 0 15
3 5 8 0 16
3 5 8 10 0
3 5 8 10 13
3 5 8 10 14
3 5 8 10 15
3 5 8 10 16
3 5 8 11 0
3 5 8 11 13
3 5 8 11 14
3 5 8 11 15
3 5 8 11 16
3 5 8 12 0
3 5 8 12 13
3 5 8 12 14
3 5 8 12 15
3 5 8 12 16
3 5 9 0 0
3 5 9 0 13
3 5 9 0 14
3 5 9 0 15
3 5 9 0 16
3 5 9 10 0
3 5 9 10 13
3 5 9 10 14
3 5 9 10 15
3 5 9 10 16
3 5 9 11 0
3 5 9 11 13
3 5 9 11 14
3 5 9 11 15
3 5 9 11 16
3 5 9 12 0
3 5 9 12 13
3 5 9 12 14
3 5 9 12 15
3 5 9 12 16
3 6 0 0 0
3 6 0 0 13
3 6 0 0 14
3 6 0 0 15
3 6 0 0 16
3 6 0 10 0
3 6 0 10 13
3 6 0 10 14
3 6 0 10 15
3 6 0 10 16
3 6 0 11 0
3 6 0 11 13
3 6 0 11 14
3 6 0 11 15
3 6 0 11 16
3 6 0 12 0
3 6 0 12 13
3 6 0 12 14
3 6 0 12 15
3 6 0 12 16
3 6 7 0 0
3 6 7 0 13
3 6 7 0 14
3 6 7 0 15
3 6 7 0 16
3 6 7 10 0
3 6 7 10 13
3 6 7 10 14
3 6 7 10 15
3 6 7 10 16
3 6 7 11 0
3 6 7 11 13
3 6 7 11 14
3 6 7 11 15
3 6 7 11 16
3 6 7 12 0
3 6 7 12 13
3 6 7 12 14
3 6 7 12 15
3 6 7 12 16
3 6 8 0 0
3 6 8 0 13
3 6 8 0 14
3 6 8 0 15
3 6 8 0 16
3 6 8 10 0
3 6 8 10 13
3 6 8 10 14
3 6 8 10 15
3 6 8 10 16
3 6 8 11 0
3 6 8 11 13
3 6 8 11 14
3 6 8 11 15
3 6 8 11 16
3 6 8 12 0
3 6 8 12 13
3 6 8 12 14
3 6 8 12 15
3 6 8 12 16
3 6 9 0 0
3 6 9 0 13
3 6 9 0 14
3 6 9 0 15
3 6 9 0 16
3 6 9 10 0
3 6 9 10 13
3 6 9 10 14
3 6 9 10 15
3 6 9 10 16
3 6 9 11 0
3 6 9 11 13
3 6 9 11 14
3 6 9 11 15
3 6 9 11 16
3 6 9 12 0
3 6 9 12 13
3 6 9 12 14
3 6 9 12 15
3 6 9 12 16
3 5 6 0 0 0
3 5 6 0 0 13
3 5 6 0 0 14
3 5 6 0 0 15
3 5 6 0 0 16
3 5 6 0 10 0
3 5 6 0 10 13
3 5 6 0 10 14
3 5 6 0 10 15
3 5 6 0 10 16
3 5 6 0 11 0
3 5 6 0 11 13
3 5 6 0 11 14
3 5 6 0 11 15
3 5 6 0 11 16
3 5 6 0 12 0
3 5 6 0 12 13
3 5 6 0 12 14
3 5 6 0 12 15
3 5 6 0 12 16
3 5 6 7 0 0
3 5 6 7 0 13
3 5 6 7 0 14
3 5 6 7 0 15
3 5 6 7 0 16
3 5 6 7 10 0
3 5 6 7 10 13
3 5 6 7 10 14
3 5 6 7 10 15
3 5 6 7 10 16
3 5 6 7 11 0
3 5 6 7 11 13
3 5 6 7 11 14
3 5 6 7 11 15
3 5 6 7 11 16
3 5 6 7 12 0
3 5 6 7 12 13
3 5 6 7 12 14
3 5 6 7 12 15
3 5 6 7 12 16
3 5 6 8 0 0
3 5 6 8 0 13
3 5 6 8 0 14
3 5 6 8 0 15
3 5 6 8 0 16
3 5 6 8 10 0
3 5 6 8 10 13
3 5 6 8 10 14
3 5 6 8 10 15
3 5 6 8 10 16
3 5 6 8 11 0
3 5 6 8 11 13
3 5 6 8 11 14
3 5 6 8 11 15
3 5 6 8 11 16
3 5 6 8 12 0
3 5 6 8 12 13
3 5 6 8 12 14
3 5 6 8 12 15
3 5 6 8 12 16
3 5 6 9 0 0
3 5 6 9 0 13
3 5 6 9 0 14
3 5 6 9 0 15
3 5 6 9 0 16
3 5 6 9 10 0
3 5 6 9 10 13
3 5 6 9 10 14
3 5 6 9 10 15
3 5 6 9 10 16
3 5 6 9 11 0
3 5 6 9 11 13
3 5 6 9 11 14
3 5 6 9 11 15
3 5 6 9 11 16
3 5 6 9 12 0
3 5 6 9 12 13
3 5 6 9 12 14
3 5 6 9 12 15
3 5 6 9 12 16
